 1  1  0
 1  1  0
 1  1  0
 1  1  0
 1  1  0
 1  1  0
 1  1  0
 1  1  0
 1  1  0
 1  1  0
 1  1  0
 1  1  0
 1  0  0
 1  0  0
 1  0  0
 1 -1  0
 1 -1  0
 1 -1  0
 1 -1  0
 0  0  0
 0 -3  0
 0 -5  0
-1 -3  0
 0 -5  0
-1 -3  0
 0 -5  0
-1 -3  0
-1 -3  0
-1 -3  0
-1 -3  0
-1 -3  0
 0 -1  0
 0 -1  0
 0  1  0
 0  0  0
 0  0  0
 0  0  0
 0  0  0
 0  0  0
 0  0  0
 0  0  0
 0  0  0
 0  0  0
 0  0  0
 0  0  0
 1  1  0
 1  1  0
 1  1  0
 1  1  0
 0  0  0
 0 -1  0
-1  0  0
-1  0  0
-1  0  0
-1  0  0
 0  0  0
 0  3  0
 0  3  0
 1  1  0
 1  1  0
 1  1  0
 1  1  0
 1 -1  0
 0 -1  0
-1 -3  0
-1 -3  0
-1 -1  0
-1 -1  0
-1 -1  0
-1  0  0
-1  0  0
 0  0  0
 0  3  0
 1  3  0
 1  3  0
 1  3  0
 1  1  0
 1  0  0
 0  0  0
 0 -1  0
 0 -1  0
-1 -3  0
-1 -3  0
-1  0  0
-1  0  0
 0  1  0
 0  3  0
 1  1  0
 1  3  0
 1  1  0
 1  0  0
 1 -1  0
 0  0  0
-1 -3  0
-1 -3  0
-1 -3  0
-1 -1  0
-1 -1  0
-1  0  0
 0  1  0
 0  3  0
 1  5  0
 1  3  0
 1  3  0
 1  1  0
 1  1  0
 0  0  0
 0 -1  0
 0 -1  0
-1 -1  0
-2 -3  0
-2 -3  0
-1 -1  0
-1  0  0
 0  1  0
 0  3  0
 1  3  0
 1  3  0
 2  1  0
 2  5  0
 1  0  0
 0 -1  0
 0 -5  0
-2 -6  0
-3 -6  0
-3 -8  0
-4 -10  0
-5 -10  0
-6 -13 -1
-6 -14 -1
-7 -16 -1
-8 -19 -1
-8 -20 -1
-9 -20 -2
-12 -27 -4
-12 -29 -4
-12 -25 -4
-13 -25 -4
-15 -31 -5
-15 -31 -5
-16 -32 -5
-17 -35 -6
-17 -34 -6
-16 -31 -5
-16 -30 -5
-16 -30 -5
-16 -30 -5
-16 -30 -5
-15 -27 -5
-15 -28 -5
-14 -27 -4
-14 -25 -4
-14 -25 -4
-13 -23 -4
-13 -22 -4
-12 -23 -4
-12 -20 -4
-13 -22 -4
-12 -22 -4
-12 -21 -4
-12 -19 -4
-12 -19 -4
-11 -18 -3
-11 -19 -3
-10 -18 -2
-10 -18 -2
-10 -18 -2
-11 -12 -2
-10 -16 -2
-10 -11 -2
-10 -9 -2
-9 -9 -2
-9 -11 -2
-9 -11 -2
-9 -9 -2
-9 -9 -2
-9 -9 -2
-8 -8 -1
-8 -9 -1
-8 -9 -1
-7 -8 -1
-7 -9 -1
-7 -6 -1
-7 -6 -1
-6 -4  0
-6 -4  0
-6 -6  0
-5 -4  0
-5 -6  0
-4 -3  0
-4 -1  0
-4 -1  0
-2 -1  0
-2 -1  0
-1 -1  0
 0 -1  0
 0  0  0
 1  0  0
 1  0  0
 2  0  0
 2  0  0
 1 -1  0
 1  0  0
 1  0  0
 1 -1  0
 0 -3  0
 0 -1  0
 0 -5  0
 0 -5  0
-1 -3  0
-1 -5  0
-1 -5  0
-1 -3  0
-1 -3  0
-1 -1  0
-1 -1  0
-1  0  0
 0  1  0
 0  1  0
 0  0  0
 1  1  0
 1  1  0
 1  1  0
 0  0  0
 0  0  0
-1  0  0
-1  0  0
 0  0  0
 0  0  0
 0  0  0
 1  1  0
 1  1  0
 1  1  0
 0  0  0
 0 -1  0
-1  0  0
-1  0  0
-1  0  0
 0  0  0
 0  1  0
 0  3  0
 1  1  0
 1  1  0
 1  1  0
 0  0  0
 0  0  0
 0 -1  0
 0 -1  0
 0 -1  0
 0 -1  0
-1 -3  0
-1 -3  0
-1  0  0
 0  1  0
 0  0  0
 0  0  0
 1  1  0
 1  1  0
 1  1  0
 0  0  0
 0 -1  0
 0 -1  0
 0 -1  0
-1 -1  0
-1 -1  0
-1 -1  0
 0  0  0
 0  0  0
 0  1  0
 0  0  0
 0  0  0
 1  1  0
 1  1  0
 1  1  0
 0  0  0
 0 -1  0
 0 -1  0
-1 -3  0
-1 -1  0
-1  0  0
-1  0  0
 0  1  0
 0  3  0
 1  1  0
 1  3  0
 1  3  0
 1  0  0
 0  0  0
 0 -1  0
 0 -1  0
-1 -3  0
-1 -1  0
-1  0  0
-1  0  0
 0  0  0
 1  1  0
 1  3  0
 1  3  0
 1  3  0
 1  0  0
 1  0  0
 0 -1  0
-1 -3  0
-1 -3  0
-1 -5  0
-2 -3  0
-1 -1  0
-1  0  0
 0  1  0
 0  3  0
 1  5  0
 1  3  0
 1  1  0
 1  1  0
 0  0  0
 0 -1  0
 0 -1  0
 0 -1  0
-1 -1  0
-1 -1  0
-1 -1  0
 0 -1  0
 0  1  0
 0  1  0
 0  1  0
 0  1  0
 1  1  0
 1  1  0
 1  1  0
 0  0  0
 0 -1  0
-1 -3  0
-1 -1  0
-1 -1  0
-1  0  0
 0  1  0
 0  3  0
 1  3  0
 1  3  0
 1  3  0
 1  0  0
 1  0  0
 0 -1  0
-1 -3  0
-1 -3  0
-2 -5  0
-2 -5  0
-2 -3  0
-1  0  0
 0  1  0
 1  5  0
 2  8  0
 4 11  0
 5 12  0
 6 13  1
 8 15  1
10 20  2
11 21  3
11 20  3
11 18  3
11 12  2
12 11  3
13 14  3
13 11  3
13 11  3
12 10  3
16  6  4
12  4  3
11  3  2
10  1  2
 9 -1  1
 8 -5  1
 7 -8  1
 6 -11  1
 5 -14  0
 3 -18  0
 0 -27  0
-4 -35  0
-8 -41 -2
-12 -48 -4
-13 -49 -4
-13 -52 -4
-13 -54 -4
-13 -56 -4
-13 -58 -4
-14 -59 -4
-14 -61 -4
-14 -62 -4
-14 -63 -4
-15 -62 -5
-15 -61 -5
-15 -61 -5
-15 -61 -5
-16 -60 -5
-16 -59 -5
-17 -56 -6
-17 -56 -6
-17 -55 -6
-17 -55 -6
-17 -54 -6
-18 -54 -6
-18 -53 -6
-18 -53 -6
-19 -51 -6
-19 -50 -6
-19 -49 -6
-19 -49 -6
-19 -47 -6
-19 -46 -6
-19 -45 -6
-20 -45 -7
-20 -45 -7
-20 -43 -7
-20 -42 -7
-20 -40 -7
-20 -39 -7
-20 -39 -7
-20 -38 -7
-21 -36 -7
-21 -35 -7
-21 -34 -7
-21 -32 -7
-21 -32 -7
-22 -31 -7
-22 -30 -7
-22 -29 -7
-22 -27 -7
-22 -26 -7
-22 -25 -7
-22 -23 -7
-22 -23 -7
-22 -21 -7
-21 -20 -7
-22 -18 -7
-21 -17 -6
-21 -15 -5
-21 -15 -5
-20 -14 -5
-20 -12 -5
-20 -12 -5
-20 -10 -5
-20 -10 -5
-19 -6 -5
-19 -6 -5
-19 -6 -5
-18 -5 -5
-18 -3 -4
-17 -3 -4
-16 -1 -4
-16  0 -3
-15  1 -3
-15  3 -3
-14  6 -3
-13  8 -3
-13  9 -3
-12 12 -3
-11 15 -2
-10 15 -2
-9 18 -2
-8 21 -2
-7 23 -1
-6 24 -1
-5 25 -1
-4 27  0
-3 28  0
-2 29  0
-2 29  0
 0 32  0
 1 33  0
 2 34  0
 2 34  0
 4 35  0
 5 36  1
 5 36  1
 7 37  1
 8 37  2
 8 37  2
 9 37  2
 9 36  2
10 36  2
10 35  2
10 34  2
11 34  3
11 33  3
11 30  3
11 30  3
11 30  3
11 28  3
11 27  3
11 27  3
11 25  3
11 24  3
11 23  3
11 21  3
11 21  3
11 20  3
11 20  3
11 17  3
10 15  2
10 15  2
11 14  2
10 12  2
10 12  2
10 11  2
 9  9  2
 9  9  2
10  8  2
 9  8  2
 9  5  2
 8  3  1
 8  3  1
 8  1  1
 7  0  1
 6 -3  0
 6 -5  0
 5 -6  0
 5 -8  0
 3 -9  0
 3 -11  0
 2 -14  0
 0 -15  0
-1 -18  0
-1 -20  0
-2 -20  0
-3 -21  0
-4 -21  0
-4 -23  0
-5 -23 -1
-5 -23 -1
-6 -24 -1
-6 -23 -1
-6 -23 -1
-7 -21 -1
-6 -20 -1
-7 -18 -1
-6 -17 -1
-6 -17 -1
-7 -17 -1
-6 -15 -1
-6 -14 -1
-6 -12 -1
-6 -12 -1
-6 -9  0
-6 -9  0
-5 -8  0
-5 -6  0
-4 -5  0
-4 -5  0
-4 -3  0
-4 -1  0
-3  0  0
-2  1  0
-2  3  0
-1  5  0
 0  5  0
 0  6  0
 1  8  0
 1  8  0
 1  9  0
 2  9  0
 2  9  0
 2  9  0
 2  8  0
 2  6  0
 2  4  0
 2  5  0
 1  3  0
 1  1  0
 1  1  0
 0  0  0
 0  0  0
 0 -1  0
 0 -1  0
-1 -3  0
-1 -3  0
-1 -3  0
 0 -1  0
 0 -1  0
 0 -1  0
 0 -1  0
 0 -1  0
 0 -1  0
 0 -1  0
-1  0  0
-1  0  0
 0  1  0
 0  0  0
 0  0  0
 0  0  0
 1  1  0
 1  1  0
 1  1  0
 0  0  0
 0  0  0
 0 -1  0
 0 -1  0
 0 -1  0
 0 -1  0
-1 -1  0
-1 -1  0
-1  0  0
 0  0  0
 0  0  0
 0  0  0
 0  0  0
 0  0  0
 1  1  0
 1  1  0
 1  1  0
 0  0  0
 0 -1  0
 0 -1  0
 0 -1  0
-1 -3  0
-1 -1  0
-1  0  0
 0 -1  0
 0  1  0
 0  0  0
 0  0  0
 0  0  0
 1  1  0
 1  1  0
 1  0  0
 0 -1  0
-1 -3  0
-1 -3  0
-2 -6  0
-2 -8  0
-2 -6  0
-2 -6  0
-2 -5  0
-3 -8  0
-3 -8  0
-2 -6  0
-2 -6  0
-2 -6  0
-2 -8  0
-2 -8  0
-2 -10  0
-2 -6  0
-1 -8  0
-1 -4  0
-1 -4  0
 0 -8  0
-1 -10  0
-1 -8  0
-2 -9  0
-2 -14  0
-3 -13  0
-2 -10  0
-1 -11  0
 0 -8  0
 0 -6  0
 0 -6  0
 1 -5  0
 1 -5  0
 0 -3  0
 0 -1  0
 0 -3  0
 0 -1  0
 0 -1  0
 1  0  0
 0  1  0
 1  5  0
 1  5  0
 1  5  0
 1  3  0
 1  6  0
 1 10  0
 1 10  0
 2 11  0
 2 11  0
 1 10  0
 1  8  0
 0  6  0
 0  6  0
 0  5  0
 0  0  0
 0  6  0
 1  5  0
 0  6  0
 0  6  0
 1  5  0
 2  5  0
 2  5  0
 2  5  0
 1  3  0
 1  1  0
 1  1  0
 0  0  0
 0  0  0
 0  0  0
 0  0  0
 0 -1  0
 0 -1  0
 0 -1  0
-1  0  0
-1 -1  0
 0 -1  0
 0  0  0
 0  0  0
 0  0  0
 0  0  0
 0  0  0
 0  0  0
 0  0  0
 0  0  0
 0  0  0
 0  0  0
 0  0  0
 0  0  0
 0  0  0
 1  1  0
 1  1  0
 0  0  0
 0  0  0
 0 -1  0
 0 -1  0
 0 -1  0
 0 -1  0
 0 -1  0
 0 -1  0
-1 -3  0
-1 -1  0
-1  0  0
-1  0  0
 0  0  0
 1  1  0
 1  3  0
 1  3  0
 1  3  0
 1  0  0
 1  1  0
 0  0  0
 0 -1  0
 0 -1  0
-1 -3  0
-1 -3  0
-1 -1  0
 0 -1  0
 0  1  0
 0  0  0
 0  0  0
 0  0  0
 0  0  0
 0  0  0
 1  1  0
 1  1  0
 1  1  0
 0 -1  0
 0 -1  0
-1 -3  0
-2 -3  0
-2 -3  0
-1 -1  0
-1 -1  0
-1 -3  0
-1 -5  0
-1 -6  0
-2 -8  0
-2 -10  0
-3 -11  0
-3 -14  0
-3 -14  0
-4 -13  0
-3 -11  0
-3 -11  0
-4 -10  0
-4 -10  0
-3 -8  0
-2 -8  0
-2 -6  0
-1 -6  0
-1 -5  0
 0  0  0
 0 -1  0
 1 -1  0
 1  3  0
 1  0  0
 1  0  0
 1 -1  0
 1 -1  0
 0 -3  0
-1 -3  0
-1 -3  0
-1 -3  0
-1 -3  0
-1 -3  0
 0 -1  0
 0  0  0
 0  0  0
 0  0  0
 0  0  0
 0  0  0
 0  0  0
 0  0  0
 0  0  0
 0  0  0
 0  0  0
 0  0  0
 0  0  0
 0  0  0
 0  0  0
 0  0  0
 0  0  0
 0  0  0
 0  0  0
 0  0  0
 0 -1  0
 0 -1  0
 0 -1  0
 0 -1  0
 0 -1  0
 0 -1  0
 0 -1  0
-1  0  0
-1  0  0
 0  1  0
 0  0  0
 1  1  0
 1  1  0
 1  1  0
 0  0  0
 0 -1  0
 0 -1  0
 0 -1  0
-1 -1  0
-1 -1  0
-1  0  0
 0  0  0
 0  1  0
 0  0  0
 0  0  0
 1  1  0
 1  1  0
 1  1  0
 0  0  0
 0 -1  0
 0 -1  0
-1 -3  0
-1 -3  0
-1 -3  0
-1 -3  0
-1 -1  0
 0  0  0
 0 -1  0
 0 -1  0
-1 -5  0
-1 -5  0
-2 -6  0
-3 -12  0
-3 -15  0
-5 -18 -1
-6 -18 -1
-6 -14 -1
-6 -17 -1
-7 -17 -1
-7 -17 -1
-8 -19 -1
-8 -17 -1
-8 -20 -1
-8 -18 -1
-8 -17 -1
-9 -16 -2
-8 -14 -1
-8 -13 -1
-8 -13 -1
-7 -11 -1
-6 -8  0
-6 -6  0
-5 -4  0
-5 -6  0
-4 -5  0
-3 -1  0
-2  1  0
-1  5  0
 0  6  0
 1  9  0
 1 12  0
 2 12  0
 3 11  0
 4 12  0
 5 12  0
 5 11  0
 5  8  0
 5  8  0
 5  4  0
 5  5  0
 4  1  0
 3 -1  0
 1 -3  0
 0 -6  0
-1 -9  0
-2 -12  0
-2 -14  0
-4 -15  0
-4 -14  0
-6 -17 -1
-6 -17 -1
-6 -17 -1
-7 -17 -1
-8 -15 -1
-7 -14 -1
-7 -12 -1
-7 -11 -1
-7 -9 -1
-6 -6  0
-6 -5  0
-5 -3  0
-5  0  0
-3  1  0
-3  3  0
-2  6  0
-1  9  0
 1 11  0
 2 14  0
 2 15  0
 4 17  0
 5 17  1
 6 18  1
 6 17  1
 7 17  1
 7 17  1
 7 17  1
 7 17  1
 7 15  1
 7 14  1
 7 12  1
 7 11  1
 6  9  0
 6  8  0
 5  6  0
 5  6  0
 5  1  0
 4  3  0
 4 -1  0
 3 -1  0
 2 -6  0
 1 -6  0
 0 -11  0
 0 -11  0
-1 -14  0
-2 -15  0
-3 -15  0
-3 -15  0
-4 -15  0
-4 -15  0
-4 -15  0
-4 -14  0
-4 -14  0
